Puzzle   Avg(ms)    STD(ms)    Time%    Avg(MB)    STD(MB)    Mem%     Lang       Size(kB)   Lines 
-----------------------------------------------------------------------------------------------
1        216.73     3.52       4.83     16.73      0.65       11.29    .py        1.11       41    
2        315.53     4.65       7.02     16.66      0.14       11.24    .py        1.85       51    
3        247.49     45.29      5.51     16.88      0.08       11.39    .py        2.67       74    
4        215.40     3.87       4.80     16.59      0.38       11.20    .py        1.51       52    
5        1767.76    854.83     39.36    34.42      0.68       23.23    .py        3.94       105   
6        215.28     5.14       4.79     16.88      0.49       11.39    .py        5.17       138   
7        178.75     48.98      3.98     11.97      7.08       8.08     .py        2.53       74    
8        1334.79    1449.82    29.72    18.05      0.48       12.18    .rb        2.36       78    
-----------------------------------------------------------------------------------------------
Total    4491.73    2416.10    100.00   148.19     9.98       100.00              21.15      613   

Challenge: FlipFlop 2026: BitFlop Internship, Iterations: 3